  0.000288
 0.19993960E+01  0.10368792E+00  0.00000000E+00
 0.30765160E+01  0.96241004E-01  0.00000000E+00
 0.43848360E+01  0.91226545E-01  0.00000000E+00
 0.59194890E+01  0.87560789E-01  0.00000000E+00
 0.76895290E+01  0.84732545E-01  0.00000000E+00
 0.96907690E+01  0.82464814E-01  0.00000000E+00
 0.11923209E+02  0.80593689E-01  0.00000000E+00
 0.14386849E+02  0.79014842E-01  0.00000000E+00
 0.17073424E+02  0.77658809E-01  0.00000000E+00
 0.19998784E+02  0.76477049E-01  0.00000000E+00
  0.000355
 0.19993960E+01  0.10368479E+00  0.00000000E+00
 0.30765160E+01  0.96310811E-01  0.00000000E+00
 0.43848360E+01  0.91335943E-01  0.00000000E+00
 0.59194890E+01  0.87694228E-01  0.00000000E+00
 0.76895290E+01  0.84881787E-01  0.00000000E+00
 0.96907690E+01  0.82625160E-01  0.00000000E+00
 0.11923209E+02  0.80761971E-01  0.00000000E+00
 0.14386849E+02  0.79189175E-01  0.00000000E+00
 0.17073424E+02  0.77837725E-01  0.00000000E+00
 0.19998784E+02  0.76659538E-01  0.00000000E+00
  0.0005
 0.19993960E+01  0.10367696E+00  0.00000000E+00
 0.30765160E+01  0.96421614E-01  0.00000000E+00
 0.43848360E+01  0.91511628E-01  0.00000000E+00
 0.59194890E+01  0.87909698E-01  0.00000000E+00
 0.76895290E+01  0.85123668E-01  0.00000000E+00
 0.96907690E+01  0.82885488E-01  0.00000000E+00
 0.11923209E+02  0.81035767E-01  0.00000000E+00
 0.14386849E+02  0.79473109E-01  0.00000000E+00
 0.17073424E+02  0.78129553E-01  0.00000000E+00
 0.19998784E+02  0.76957590E-01  0.00000000E+00
  0.00075
 0.19993960E+01  0.10366399E+00  0.00000000E+00
 0.30765160E+01  0.96547547E-01  0.00000000E+00
 0.43848360E+01  0.91714256E-01  0.00000000E+00
 0.59194890E+01  0.88160069E-01  0.00000000E+00
 0.76895290E+01  0.85405761E-01  0.00000000E+00
 0.96907690E+01  0.83190096E-01  0.00000000E+00
 0.11923209E+02  0.81356941E-01  0.00000000E+00
 0.14386849E+02  0.79806858E-01  0.00000000E+00
 0.17073424E+02  0.78472916E-01  0.00000000E+00
 0.19998784E+02  0.77308767E-01  0.00000000E+00
  0.001
 0.19993960E+01  0.10365125E+00  0.00000000E+00
 0.30765160E+01  0.96632313E-01  0.00000000E+00
 0.43848360E+01  0.91853618E-01  0.00000000E+00
 0.59194890E+01  0.88333394E-01  0.00000000E+00
 0.76895290E+01  0.85602130E-01  0.00000000E+00
 0.96907690E+01  0.83402847E-01  0.00000000E+00
 0.11923209E+02  0.81581804E-01  0.00000000E+00
 0.14386849E+02  0.80040885E-01  0.00000000E+00
 0.17073424E+02  0.78714356E-01  0.00000000E+00
 0.19998784E+02  0.77555994E-01  0.00000000E+00
  0.002
 0.19993960E+01  0.10359930E+00  0.00000000E+00
 0.30765160E+01  0.96812511E-01  0.00000000E+00
 0.43848360E+01  0.92165564E-01  0.00000000E+00
 0.59194890E+01  0.88728931E-01  0.00000000E+00
 0.76895290E+01  0.86054720E-01  0.00000000E+00
 0.96907690E+01  0.83896394E-01  0.00000000E+00
 0.11923209E+02  0.82106091E-01  0.00000000E+00
 0.14386849E+02  0.80588934E-01  0.00000000E+00
 0.17073424E+02  0.79281080E-01  0.00000000E+00
 0.19998784E+02  0.78137882E-01  0.00000000E+00
  0.00355
 0.19993960E+01  0.10351892E+00  0.00000000E+00
 0.30765160E+01  0.96922362E-01  0.00000000E+00
 0.43848360E+01  0.92385642E-01  0.00000000E+00
 0.59194890E+01  0.89020096E-01  0.00000000E+00
 0.76895290E+01  0.86395220E-01  0.00000000E+00
 0.96907690E+01  0.84272865E-01  0.00000000E+00
 0.11923209E+02  0.82509856E-01  0.00000000E+00
 0.14386849E+02  0.81014092E-01  0.00000000E+00
 0.17073424E+02  0.79723348E-01  0.00000000E+00
 0.19998784E+02  0.78594108E-01  0.00000000E+00
  0.005
 0.19993960E+01  0.10344377E+00  0.00000000E+00
 0.30765160E+01  0.96960750E-01  0.00000000E+00
 0.43848360E+01  0.92490946E-01  0.00000000E+00
 0.59194890E+01  0.89169224E-01  0.00000000E+00
 0.76895290E+01  0.86575053E-01  0.00000000E+00
 0.96907690E+01  0.84475366E-01  0.00000000E+00
 0.11923209E+02  0.82729755E-01  0.00000000E+00
 0.14386849E+02  0.81247634E-01  0.00000000E+00
 0.17073424E+02  0.79968016E-01  0.00000000E+00
 0.19998784E+02  0.78847968E-01  0.00000000E+00
  0.006
 0.19993960E+01  0.10339189E+00  0.00000000E+00
 0.30765160E+01  0.96969716E-01  0.00000000E+00
 0.43848360E+01  0.92536058E-01  0.00000000E+00
 0.59194890E+01  0.89238161E-01  0.00000000E+00
 0.76895290E+01  0.86660820E-01  0.00000000E+00
 0.96907690E+01  0.84573736E-01  0.00000000E+00
 0.11923209E+02  0.82837769E-01  0.00000000E+00
 0.14386849E+02  0.81363260E-01  0.00000000E+00
 0.17073424E+02  0.80089920E-01  0.00000000E+00
 0.19998784E+02  0.78975003E-01  0.00000000E+00
  0.0072
 0.19993960E+01  0.10332969E+00  0.00000000E+00
 0.30765160E+01  0.96968794E-01  0.00000000E+00
 0.43848360E+01  0.92571794E-01  0.00000000E+00
 0.59194890E+01  0.89298229E-01  0.00000000E+00
 0.76895290E+01  0.86738202E-01  0.00000000E+00
 0.96907690E+01  0.84664008E-01  0.00000000E+00
 0.11923209E+02  0.82938021E-01  0.00000000E+00
 0.14386849E+02  0.81471611E-01  0.00000000E+00
 0.17073424E+02  0.80204754E-01  0.00000000E+00
 0.19998784E+02  0.79095242E-01  0.00000000E+00
