  0.000288
 0.19993960E+01 -0.91894126E+01 -0.11099429E+02
 0.30765160E+01 -0.10406343E+02 -0.12184309E+02
 0.43848360E+01 -0.11463340E+02 -0.13075345E+02
 0.59194890E+01 -0.12421657E+02 -0.13801019E+02
 0.76895290E+01 -0.13299629E+02 -0.14403210E+02
 0.96907690E+01 -0.14050063E+02 -0.15005751E+02
 0.11923209E+02 -0.14779163E+02 -0.15490429E+02
 0.14386849E+02 -0.15434727E+02 -0.15958249E+02
 0.17073424E+02 -0.16017631E+02 -0.16427640E+02
 0.19998784E+02 -0.16587032E+02 -0.16830265E+02
  0.000355
 0.19993960E+01 -0.84698107E+01 -0.10042901E+02
 0.30765160E+01 -0.95722667E+01 -0.10988457E+02
 0.43848360E+01 -0.10522613E+02 -0.11765864E+02
 0.59194890E+01 -0.11362354E+02 -0.12426353E+02
 0.76895290E+01 -0.12116911E+02 -0.13000221E+02
 0.96907690E+01 -0.12803347E+02 -0.13507288E+02
 0.11923209E+02 -0.13433848E+02 -0.13961238E+02
 0.14386849E+02 -0.14017414E+02 -0.14371876E+02
 0.17073424E+02 -0.14561091E+02 -0.14746531E+02
 0.19998784E+02 -0.15070209E+02 -0.15090893E+02
  0.0005
 0.19993960E+01 -0.73959731E+01 -0.84968259E+01
 0.30765160E+01 -0.83238818E+01 -0.92563080E+01
 0.43848360E+01 -0.91191830E+01 -0.98773852E+01
 0.59194890E+01 -0.98186995E+01 -0.10402633E+02
 0.76895290E+01 -0.10444775E+02 -0.10857247E+02
 0.96907690E+01 -0.11012461E+02 -0.11257491E+02
 0.11923209E+02 -0.11532398E+02 -0.11614636E+02
 0.14386849E+02 -0.12012432E+02 -0.11936813E+02
 0.17073424E+02 -0.12458577E+02 -0.12230024E+02
 0.19998784E+02 -0.12875585E+02 -0.12498808E+02
  0.00075
 0.19993960E+01 -0.62720093E+01 -0.69313835E+01
 0.30765160E+01 -0.70253901E+01 -0.75085568E+01
 0.43848360E+01 -0.76666977E+01 -0.79772113E+01
 0.59194890E+01 -0.82277275E+01 -0.83709844E+01
 0.76895290E+01 -0.87276039E+01 -0.87098700E+01
 0.96907690E+01 -0.91790762E+01 -0.90067788E+01
 0.11923209E+02 -0.95911322E+01 -0.92705736E+01
 0.14386849E+02 -0.99704462E+01 -0.95075702E+01
 0.17073424E+02 -0.10322047E+02 -0.97224793E+01
 0.19998784E+02 -0.10649848E+02 -0.99188948E+01
  0.001
 0.19993960E+01 -0.55622601E+01 -0.59751127E+01
 0.30765160E+01 -0.62084655E+01 -0.64482094E+01
 0.43848360E+01 -0.67559256E+01 -0.68305245E+01
 0.59194890E+01 -0.72331269E+01 -0.71503532E+01
 0.76895290E+01 -0.76569404E+01 -0.74245120E+01
 0.96907690E+01 -0.80387369E+01 -0.76638165E+01
 0.11923209E+02 -0.83863832E+01 -0.78757680E+01
 0.14386849E+02 -0.87056891E+01 -0.80656346E+01
 0.17073424E+02 -0.90011106E+01 -0.82373590E+01
 0.19998784E+02 -0.92760929E+01 -0.83938716E+01
  0.002
 0.19993960E+01 -0.41240530E+01 -0.41178571E+01
 0.30765160E+01 -0.45518642E+01 -0.44238909E+01
 0.43848360E+01 -0.49186937E+01 -0.46574963E+01
 0.59194890E+01 -0.52378237E+01 -0.48473377E+01
 0.76895290E+01 -0.55205140E+01 -0.50057946E+01
 0.96907690E+01 -0.57702960E+01 -0.51479316E+01
 0.11923209E+02 -0.60015536E+01 -0.52644727E+01
 0.14386849E+02 -0.61883625E+01 -0.54075163E+01
 0.17073424E+02 -0.63815990E+01 -0.55042504E+01
 0.19998784E+02 -0.65609494E+01 -0.55910809E+01
  0.00355
 0.19993960E+01 -0.31819219E+01 -0.29742990E+01
 0.30765160E+01 -0.34940443E+01 -0.31600104E+01
 0.43848360E+01 -0.37537655E+01 -0.33061871E+01
 0.59194890E+01 -0.39765064E+01 -0.34258365E+01
 0.76895290E+01 -0.41715217E+01 -0.35265898E+01
 0.96907690E+01 -0.43447144E+01 -0.36135968E+01
 0.11923209E+02 -0.44997630E+01 -0.36912655E+01
 0.14386849E+02 -0.46453340E+01 -0.37520693E+01
 0.17073424E+02 -0.47775400E+01 -0.38080647E+01
 0.19998784E+02 -0.48957278E+01 -0.38651053E+01
  0.005
 0.19993960E+01 -0.27112383E+01 -0.24295981E+01
 0.30765160E+01 -0.29659494E+01 -0.25671866E+01
 0.43848360E+01 -0.31767016E+01 -0.26741063E+01
 0.59194890E+01 -0.33566970E+01 -0.27604025E+01
 0.76895290E+01 -0.35137703E+01 -0.28320397E+01
 0.96907690E+01 -0.36530735E+01 -0.28927995E+01
 0.11923209E+02 -0.37781725E+01 -0.29452130E+01
 0.14386849E+02 -0.38916670E+01 -0.29910491E+01
 0.17073424E+02 -0.39955002E+01 -0.30315893E+01
 0.19998784E+02 -0.40911620E+01 -0.30677874E+01
  0.006
 0.19993960E+01 -0.24863899E+01 -0.21754681E+01
 0.30765160E+01 -0.27131064E+01 -0.22944348E+01
 0.43848360E+01 -0.29003851E+01 -0.23860959E+01
 0.59194890E+01 -0.30599998E+01 -0.24596218E+01
 0.76895290E+01 -0.31990113E+01 -0.25203233E+01
 0.96907690E+01 -0.33220749E+01 -0.25715481E+01
 0.11923209E+02 -0.34324162E+01 -0.26155377E+01
 0.14386849E+02 -0.35323746E+01 -0.26538406E+01
 0.17073424E+02 -0.36237008E+01 -0.26875845E+01
 0.19998784E+02 -0.37077347E+01 -0.27176081E+01
  0.0072
 0.19993960E+01 -0.22774856E+01 -0.19437109E+01
 0.30765160E+01 -0.24796703E+01 -0.20447252E+01
 0.43848360E+01 -0.26461950E+01 -0.21219284E+01
 0.59194890E+01 -0.27877419E+01 -0.21834106E+01
 0.76895290E+01 -0.29107341E+01 -0.22338395E+01
 0.96907690E+01 -0.30193849E+01 -0.22761470E+01
 0.11923209E+02 -0.31166291E+01 -0.23122809E+01
 0.14386849E+02 -0.32045738E+01 -0.23435872E+01
 0.17073424E+02 -0.32847995E+01 -0.23710363E+01
 0.19998784E+02 -0.33585187E+01 -0.23953482E+01
