  0.000288
 0.19993960E+01 -0.23120430E+02 -0.15040897E+02
 0.30765160E+01 -0.26307065E+02 -0.16431375E+02
 0.43848360E+01 -0.29167136E+02 -0.17647903E+02
 0.59194890E+01 -0.31847786E+02 -0.18606161E+02
 0.76895290E+01 -0.34364887E+02 -0.19359755E+02
 0.96907690E+01 -0.36486170E+02 -0.20341745E+02
 0.11923209E+02 -0.38624478E+02 -0.21010320E+02
 0.14386849E+02 -0.40547744E+02 -0.21742694E+02
 0.17073424E+02 -0.42241159E+02 -0.22594571E+02
 0.19998784E+02 -0.43935615E+02 -0.23267473E+02
  0.000355
 0.19993960E+01 -0.20917594E+02 -0.12383244E+02
 0.30765160E+01 -0.23734519E+02 -0.13431345E+02
 0.43848360E+01 -0.26242008E+02 -0.14367373E+02
 0.59194890E+01 -0.28512893E+02 -0.15210148E+02
 0.76895290E+01 -0.30593111E+02 -0.15975165E+02
 0.96907690E+01 -0.32515524E+02 -0.16674150E+02
 0.11923209E+02 -0.34304497E+02 -0.17316736E+02
 0.14386849E+02 -0.35978642E+02 -0.17911019E+02
 0.17073424E+02 -0.37552879E+02 -0.18463004E+02
 0.19998784E+02 -0.39039468E+02 -0.18977994E+02
  0.0005
 0.19993960E+01 -0.17574711E+02 -0.86892039E+01
 0.30765160E+01 -0.19844722E+02 -0.93042716E+01
 0.43848360E+01 -0.21861734E+02 -0.98575702E+01
 0.59194890E+01 -0.23679907E+02 -0.10364566E+02
 0.76895290E+01 -0.25339752E+02 -0.10829420E+02
 0.96907690E+01 -0.26869373E+02 -0.11256807E+02
 0.11923209E+02 -0.28289323E+02 -0.11651181E+02
 0.14386849E+02 -0.29615505E+02 -0.12016505E+02
 0.17073424E+02 -0.30860358E+02 -0.12356215E+02
 0.19998784E+02 -0.32033920E+02 -0.12673241E+02
  0.00075
 0.19993960E+01 -0.14046873E+02 -0.52447575E+01
 0.30765160E+01 -0.15770248E+02 -0.54932411E+01
 0.43848360E+01 -0.17293744E+02 -0.57373560E+01
 0.59194890E+01 -0.18665535E+02 -0.59675972E+01
 0.76895290E+01 -0.19915841E+02 -0.61820387E+01
 0.96907690E+01 -0.21066068E+02 -0.63808618E+01
 0.11923209E+02 -0.22131935E+02 -0.65651134E+01
 0.14386849E+02 -0.23125695E+02 -0.67360637E+01
 0.17073424E+02 -0.24056946E+02 -0.68950105E+01
 0.19998784E+02 -0.24933490E+02 -0.70431404E+01
  0.001
 0.19993960E+01 -0.11877355E+02 -0.33222129E+01
 0.30765160E+01 -0.13386871E+02 -0.31880154E+01
 0.43848360E+01 -0.14621563E+02 -0.32376975E+01
 0.59194890E+01 -0.15731368E+02 -0.32991303E+01
 0.76895290E+01 -0.16741265E+02 -0.33641497E+01
 0.96907690E+01 -0.17668915E+02 -0.34288481E+01
 0.11923209E+02 -0.18527334E+02 -0.34914252E+01
 0.14386849E+02 -0.19326616E+02 -0.35510577E+01
 0.17073424E+02 -0.20074737E+02 -0.36074106E+01
 0.19998784E+02 -0.20778080E+02 -0.36604561E+01
  0.002
 0.19993960E+01 -0.76923693E+01 -0.78478434E-01
 0.30765160E+01 -0.84690418E+01  0.10012328E+00
 0.43848360E+01 -0.91937304E+01  0.28488906E+00
 0.59194890E+01 -0.98451222E+01  0.43674546E+00
 0.76895290E+01 -0.10434523E+02  0.56336034E+00
 0.96907690E+01 -0.10973617E+02  0.67315173E+00
 0.11923209E+02 -0.11470763E+02  0.77098213E+00
 0.14386849E+02 -0.11932384E+02  0.86005416E+00
 0.17073424E+02 -0.12363651E+02  0.94277397E+00
 0.19998784E+02 -0.12769244E+02  0.10217848E+01
  0.00355
 0.19993960E+01 -0.52085332E+01  0.15447738E+01
 0.30765160E+01 -0.56868049E+01  0.19086492E+01
 0.43848360E+01 -0.61086543E+01  0.21917688E+01
 0.59194890E+01 -0.64858532E+01  0.24235971E+01
 0.76895290E+01 -0.68266606E+01  0.26196469E+01
 0.96907690E+01 -0.71364946E+01  0.27880161E+01
 0.11923209E+02 -0.74176075E+01  0.29300428E+01
 0.14386849E+02 -0.76960069E+01  0.30891991E+01
 0.17073424E+02 -0.79497636E+01  0.32269190E+01
 0.19998784E+02 -0.81712817E+01  0.33265050E+01
  0.005
 0.19993960E+01 -0.40789690E+01  0.22130602E+01
 0.30765160E+01 -0.44129319E+01  0.26257805E+01
 0.43848360E+01 -0.47077962E+01  0.29508537E+01
 0.59194890E+01 -0.49718464E+01  0.32204388E+01
 0.76895290E+01 -0.52106766E+01  0.34512630E+01
 0.96907690E+01 -0.54285345E+01  0.36534797E+01
 0.11923209E+02 -0.56286644E+01  0.38336627E+01
 0.14386849E+02 -0.58136676E+01  0.39963386E+01
 0.17073424E+02 -0.59856058E+01  0.41447664E+01
 0.19998784E+02 -0.61461534E+01  0.42813277E+01
  0.006
 0.19993960E+01 -0.35617307E+01  0.25020314E+01
 0.30765160E+01 -0.38251967E+01  0.29211294E+01
 0.43848360E+01 -0.40595429E+01  0.32525684E+01
 0.59194890E+01 -0.42699708E+01  0.35277259E+01
 0.76895290E+01 -0.44605567E+01  0.37634320E+01
 0.96907690E+01 -0.46344734E+01  0.39699184E+01
 0.11923209E+02 -0.47942677E+01  0.41538393E+01
 0.14386849E+02 -0.49419370E+01  0.43198164E+01
 0.17073424E+02 -0.50791308E+01  0.44711488E+01
 0.19998784E+02 -0.52071630E+01  0.46102867E+01
  0.0072
 0.19993960E+01 -0.30929942E+01  0.27516996E+01
 0.30765160E+01 -0.32958361E+01  0.31766111E+01
 0.43848360E+01 -0.34775727E+01  0.35131513E+01
 0.59194890E+01 -0.36413106E+01  0.37926786E+01
 0.76895290E+01 -0.37898465E+01  0.40321105E+01
 0.96907690E+01 -0.39254849E+01  0.42417421E+01
 0.11923209E+02 -0.40501024E+01  0.44283487E+01
 0.14386849E+02 -0.41652470E+01  0.45966049E+01
 0.17073424E+02 -0.42721518E+01  0.47498635E+01
 0.19998784E+02 -0.43718743E+01  0.48906428E+01
