  0.000288
 0.19993960E+01  0.99295606E+02  0.63482995E+02
 0.30765160E+01  0.94708125E+02  0.66809605E+02
 0.43848360E+01  0.88765194E+02  0.68844889E+02
 0.59194890E+01  0.84299105E+02  0.69671256E+02
 0.76895290E+01  0.79845813E+02  0.70123948E+02
 0.96907690E+01  0.75429808E+02  0.70343760E+02
 0.11923209E+02  0.71133477E+02  0.70405882E+02
 0.14386849E+02  0.66977348E+02  0.70363829E+02
 0.17073424E+02  0.62980650E+02  0.70248973E+02
 0.19998784E+02  0.59133499E+02  0.70058442E+02
  0.000355
 0.19993960E+01  0.88841861E+02  0.56168803E+02
 0.30765160E+01  0.84394071E+02  0.59057906E+02
 0.43848360E+01  0.81545746E+02  0.60325146E+02
 0.59194890E+01  0.78548085E+02  0.60767218E+02
 0.76895290E+01  0.74526261E+02  0.61099219E+02
 0.96907690E+01  0.70564330E+02  0.61244035E+02
 0.11923209E+02  0.66730390E+02  0.61267301E+02
 0.14386849E+02  0.63035554E+02  0.61212839E+02
 0.17073424E+02  0.59489415E+02  0.61104860E+02
 0.19998784E+02  0.56083136E+02  0.60938708E+02
  0.0005
 0.19993960E+01  0.74062121E+02  0.45770610E+02
 0.30765160E+01  0.70872781E+02  0.47943402E+02
 0.43848360E+01  0.67569052E+02  0.49100052E+02
 0.59194890E+01  0.64180008E+02  0.49782832E+02
 0.76895290E+01  0.60835500E+02  0.50207955E+02
 0.96907690E+01  0.57590740E+02  0.50475684E+02
 0.11923209E+02  0.54470989E+02  0.50643633E+02
 0.14386849E+02  0.51476921E+02  0.50747885E+02
 0.17073424E+02  0.48612126E+02  0.50806462E+02
 0.19998784E+02  0.45865925E+02  0.50813384E+02
  0.00075
 0.19993960E+01  0.59554612E+02  0.35643153E+02
 0.30765160E+01  0.57126529E+02  0.37209568E+02
 0.43848360E+01  0.54505397E+02  0.38062388E+02
 0.59194890E+01  0.51819745E+02  0.38608533E+02
 0.76895290E+01  0.49249099E+02  0.38966396E+02
 0.96907690E+01  0.46823033E+02  0.39198927E+02
 0.11923209E+02  0.44845217E+02  0.39244525E+02
 0.14386849E+02  0.42653689E+02  0.39340391E+02
 0.17073424E+02  0.39850173E+02  0.39660815E+02
 0.19998784E+02  0.36664576E+02  0.40138611E+02
  0.001
 0.19993960E+01  0.50925738E+02  0.29677967E+02
 0.30765160E+01  0.48475820E+02  0.31025746E+02
 0.43848360E+01  0.46154419E+02  0.31810831E+02
 0.59194890E+01  0.43820105E+02  0.32356014E+02
 0.76895290E+01  0.41565615E+02  0.32731586E+02
 0.96907690E+01  0.39473031E+02  0.33007205E+02
 0.11923209E+02  0.37509311E+02  0.33235509E+02
 0.14386849E+02  0.35667993E+02  0.33421480E+02
 0.17073424E+02  0.33911350E+02  0.33574538E+02
 0.19998784E+02  0.32230611E+02  0.33689889E+02
  0.002
 0.19993960E+01  0.34719352E+02  0.18670869E+02
 0.30765160E+01  0.32750381E+02  0.19634350E+02
 0.43848360E+01  0.31023071E+02  0.20301451E+02
 0.59194890E+01  0.29416424E+02  0.20819424E+02
 0.76895290E+01  0.27931253E+02  0.21246565E+02
 0.96907690E+01  0.26556266E+02  0.21609949E+02
 0.11923209E+02  0.25279806E+02  0.21927082E+02
 0.14386849E+02  0.24090907E+02  0.22209058E+02
 0.17073424E+02  0.22978673E+02  0.22463045E+02
 0.19998784E+02  0.21930279E+02  0.22685474E+02
  0.00355
 0.19993960E+01  0.25032517E+02  0.12405121E+02
 0.30765160E+01  0.23425221E+02  0.13201422E+02
 0.43848360E+01  0.22093135E+02  0.13808594E+02
 0.59194890E+01  0.20891959E+02  0.14315242E+02
 0.76895290E+01  0.19807353E+02  0.14755258E+02
 0.96907690E+01  0.18821209E+02  0.15145075E+02
 0.11923209E+02  0.17918996E+02  0.15496135E+02
 0.14386849E+02  0.17088691E+02  0.15816118E+02
 0.17073424E+02  0.16319854E+02  0.16110144E+02
 0.19998784E+02  0.15601024E+02  0.16375974E+02
  0.005
 0.19993960E+01  0.20484881E+02  0.96259708E+01
 0.30765160E+01  0.19053225E+02  0.10366989E+02
 0.43848360E+01  0.17916133E+02  0.10954615E+02
 0.59194890E+01  0.16918778E+02  0.11454848E+02
 0.76895290E+01  0.16034820E+02  0.11894168E+02
 0.96907690E+01  0.15242250E+02  0.12286127E+02
 0.11923209E+02  0.14525038E+02  0.12640669E+02
 0.14386849E+02  0.13870863E+02  0.12964611E+02
 0.17073424E+02  0.13269869E+02  0.13262684E+02
 0.19998784E+02  0.12711472E+02  0.13533479E+02
  0.006
 0.19993960E+01  0.18377207E+02  0.83942040E+01
 0.30765160E+01  0.17075103E+02  0.91018048E+01
 0.43848360E+01  0.16040706E+02  0.96723914E+01
 0.59194890E+01  0.15127550E+02  0.10164822E+02
 0.76895290E+01  0.14339668E+02  0.10595804E+02
 0.96907690E+01  0.13637147E+02  0.10981117E+02
 0.11923209E+02  0.13004606E+02  0.11329859E+02
 0.14386849E+02  0.12430202E+02  0.11648678E+02
 0.17073424E+02  0.11904581E+02  0.11942075E+02
 0.19998784E+02  0.11417903E+02  0.12209036E+02
  0.0072
 0.19993960E+01  0.16458782E+02  0.73170356E+01
 0.30765160E+01  0.15264263E+02  0.80052880E+01
 0.43848360E+01  0.14328630E+02  0.85648377E+01
 0.59194890E+01  0.13524242E+02  0.90458174E+01
 0.76895290E+01  0.12822693E+02  0.94699964E+01
 0.96907690E+01  0.12202026E+02  0.98492865E+01
 0.11923209E+02  0.11646760E+02  0.10192425E+02
 0.14386849E+02  0.11145220E+02  0.10505848E+02
 0.17073424E+02  0.10688059E+02  0.10794106E+02
 0.19998784E+02  0.10266237E+02  0.11056678E+02
